    0.072877027090     0.070871189240
    0.072891615330     0.070856601000
    0.072905518110     0.070841364560
    0.072918735440     0.070825539530
    0.072931192820     0.070809111000
    0.072942860420     0.070792101320
    0.072953678670     0.070774547760
    0.072963602840     0.070756457750
    0.072972573340     0.070737876000
    0.072980545460     0.070718847220
    0.072987534110     0.070699416100
    0.072993494570     0.070679642260
    0.072998471560     0.070659585300
    0.073002420370     0.070639297370
    0.073005355890     0.070618823170
    0.073007293050     0.070598214860
    0.073008157310     0.070577524600
    0.073008023200     0.070556804540
    0.073006831110     0.070536099370
    0.073003865780     0.070510298010
    0.072997801010     0.070478312670
    0.072986684740     0.070439063010
    0.072967983780     0.070391476150
    0.072938464580     0.070334583520
    0.072894431650     0.070267409090
    0.072832964360     0.070187732580
    0.072752721610     0.070090532300
    0.072653196750     0.069968089460
    0.072529159490     0.069814354180
    0.072372667490     0.069622844460
    0.072176553310     0.069383256140
    0.071932546790     0.069082088770
    0.071627296510     0.068704918030
    0.071244768800     0.068233102560
    0.070767380300     0.067641362550
    0.070170618590     0.066900156440
    0.069425009190     0.065971650180
    0.068493731320     0.064808726310
    0.067330427470     0.063353158530
    0.066169418390     0.061899039890
    0.065010033550     0.060447312890
    0.063851945100     0.058998707680
    0.062694795430     0.057553835210
    0.061538361010     0.056113183500
    0.060382463040     0.054677125070
    0.059227012100     0.053245946760
    0.058071963490     0.051819849760
    0.056917257610     0.050398964430
    0.055762864650     0.048983350400
    0.054608814420     0.047573007640
    0.053455106910     0.046167891470
    0.052301801740     0.044767897580
    0.051148913800     0.043372869490
    0.049996577200     0.041982669380
    0.048844732340     0.040596924720
    0.047693543140     0.039215434340
    0.046543039380     0.037837754940
    0.045393399890     0.036463636900
    0.044244758780     0.035092838110
    0.043097294870     0.033725075420
    0.041951201860     0.032360251990
    0.040806613860     0.030998181550
    0.039663724600     0.029638869690
    0.038522668180     0.028282398360
    0.037383578720     0.026928693060
    0.036246590320     0.025577975440
    0.035111777480     0.024230340500
    0.033979229630     0.022885927930
    0.032849021260     0.021544920280
    0.031721197070     0.020207555960
    0.030595801770     0.018874121830
    0.029472850260     0.017544856290
    0.028352342550     0.016220176590
    0.027234263720     0.014900290410
    0.026118524370     0.013585952110
    0.025005050000     0.012277313510
    0.023893676700     0.010975015350
    0.022784225640     0.009679907002
    0.021889202300     0.008639217354
    0.021166868510     0.007802733220
    0.020583666860     0.007129793055
    0.020112834870     0.006588113494
    0.019732169810     0.006152276881
    0.019422732290     0.005802740343
    0.019173450770     0.005520370789
    0.018976755440     0.005288825370
    0.018821053210     0.005099535920
    0.018695078790     0.004946951754
    0.018590368330     0.004826151766
    0.018502570690     0.004731346853
    0.018426127730     0.004659925587
    0.018358878790     0.004608173855
    0.018300376830     0.004571774043
    0.018250279130     0.004546803422
    0.018208064140     0.004529965110
    0.018172897400     0.004518807866
    0.018143869940     0.004511495121
    0.018120102580     0.004506745376
    0.018096067010     0.004503053613
    0.018071822820     0.004500434734
    0.018047414720     0.004498959519
    0.018022902310     0.004498613067
    0.017998345200     0.004499451257
    0.017973802980     0.004501481541
    0.017949335280     0.004504718818
    0.017925016580     0.004509192891
    0.017900921400     0.004514937289
    0.017877124250     0.004521940835
    0.017853699620     0.004530170001
    0.017830736940     0.004539621063
    0.017808280890     0.004550267942
    0.017786435780     0.004562099464
    0.017765276130     0.004575082101
    0.017744906250     0.004589223303
    0.017725385730     0.004604459740
    0.017706759270     0.004620724358
    0.017689086500     0.004637935199
    0.017672382300     0.004656010307
    0.017656691370     0.004674886353
    0.017642058430     0.004694511183
    0.017628528180     0.004714810289
    0.017616130410     0.004735742696
    0.017604924740     0.004757241346
    0.017594970760     0.004779246636
    0.017586283390     0.004801695235
    0.017578907310     0.004824512638
    0.017572782930     0.004847613163
    0.017567865550     0.004870922305
    0.017564125360     0.004894373007
    0.017561502750     0.004917913117
    0.017559997740     0.004941490479
    0.017559610310     0.004970663227
    0.017561338840     0.005006642081
    0.017566688360     0.005050786771
    0.017577879130     0.005104538985
    0.017597757280     0.005169407465
    0.017629794780     0.005246971734
    0.017677240070     0.005339437164
    0.017741672690     0.005450946279
    0.017821483310     0.005589087494
    0.017920009790     0.005760432221
    0.018045552070     0.005970743485
    0.018202818930     0.006230392493
    0.018396712840     0.006552827545
    0.018640719350     0.006950438954
    0.018949322400     0.007439960726
    0.019336052240     0.008044836111
    0.019824706020     0.008789935149
    0.020442269740     0.009708256461
    0.021223656830     0.010840018280
    0.022212766110     0.012234942060
    0.023221202190     0.013625373130
    0.024244807660     0.015013144350
    0.025280006230     0.016400596130
    0.026323892180     0.017789134760
    0.027374066410     0.019180061300
    0.028428711000     0.020574642350
    0.029486574230     0.021973133090
    0.030546911060     0.023375941440
    0.031609572470     0.024782823400
    0.032674767080     0.026193387810
    0.033743150530     0.027606843040
    0.034815676510     0.029022183270
    0.035893447700     0.030438378450
    0.036977685990     0.031854279340
    0.038069598380     0.033268734810
    0.039170347150     0.034680545330
    0.040280915800     0.036088664080
    0.041402079160     0.037492379550
    0.042534478010     0.038890808820
    0.043678469960     0.040283422920
    0.044834204020     0.041670013220
    0.046001680200     0.043050490320
    0.047180689870     0.044424898920
    0.048370964830     0.045793510970
    0.049572117630     0.047156818210
    0.050783701240     0.048515271400
    0.052005343140     0.049869515000
    0.053236566480     0.051220010970
    0.054476968940     0.052567299460
    0.055726118390     0.053911846130
    0.056983612480     0.055254068230
    0.058249138300     0.056594338270
    0.059522323310     0.057932935660
    0.060803018510     0.059270083900
    0.062090866270     0.060605872420
    0.063385747370     0.061940316110
    0.064687512810     0.063273318110
    0.065995998680     0.064604692160
    0.067311085760     0.065934143960
    0.068365938960     0.066994056110
    0.069211162630     0.067839235070
    0.069888032970     0.068513162430
    0.070429779590     0.069050587710
    0.070862613620     0.069479815660
    0.071209408340     0.069821566340
    0.071486495440     0.070094414060
    0.071707062420     0.070313051340
    0.071883879600     0.070486970250
    0.072025902570     0.070625029500
    0.072138480840     0.070736132560
    0.072229094800     0.070824109020
    0.072306208310     0.070889085530
    0.072373352940     0.070933505890
    0.072431080040     0.070961728690
    0.072479642930     0.070978142320
    0.072519637640     0.070986717940
    0.072552047670     0.070990666750
    0.072578050200     0.070991978050
    0.072598837320     0.070991851390
    0.072619579730     0.070990681650
    0.072640217840     0.070988483730
    0.072660706940     0.070985227820
    0.072680987420     0.070980936290
    0.072701014580     0.070975616570
    0.072720713910     0.070969231430
    0.072740040720     0.070961847900
    0.072758935390     0.070953436200
    0.072777368130     0.070944100620
    0.072795338930     0.070933893320
    0.072812773290     0.070922836660
    0.072829701010     0.070911012590
    0.072846047580     0.070898421110
    0.072861842810     0.070885151620
    0.072877027090     0.070871189240
