    0.144812226300     0.047284606840
    0.144815579100     0.047261413190
    0.144816756200     0.047238059340
    0.144815743000     0.047214705500
    0.144812598800     0.047191500660
    0.144807502600     0.047168578950
    0.144799843400     0.047144081440
    0.144789084800     0.047118127350
    0.144774571100     0.047090936450
    0.144755527400     0.047062907370
    0.144730851100     0.047034848480
    0.144699171200     0.047008246180
    0.144659519200     0.046985127030
    0.144611716300     0.046967897560
    0.144556760800     0.046957343820
    0.144496023700     0.046950548890
    0.144429802900     0.046943884340
    0.144357815400     0.046936184170
    0.144279420400     0.046928159890
    0.144194111200     0.046919427810
    0.144101262100     0.046909928320
    0.144000232200     0.046899631620
    0.143890276600     0.046888493000
    0.143770605300     0.046876445410
    0.143640369200     0.046863421800
    0.143498629300     0.046849347650
    0.143344387400     0.046834137290
    0.143176525800     0.046817719940
    0.142993852500     0.046800024810
    0.142795026300     0.046780996020
    0.142578646500     0.046760533000
    0.142343148600     0.046738564970
    0.142083913100     0.046714935450
    0.141807958500     0.046689778570
    0.141504406900     0.046662840990
    0.141174033300     0.046634174880
    0.140814498100     0.046603750440
    0.140423178700     0.046571619810
    0.139997288600     0.046537868680
    0.139533743300     0.046502657230
    0.139029219700     0.046466238800
    0.138480097100     0.046428959820
    0.137930885000     0.046394363050
    0.137381553600     0.046362575140
    0.136832147800     0.046333741400
    0.136282682400     0.046307958660
    0.135733157400     0.046285424380
    0.135183587700     0.046266246590
    0.134633988100     0.046250596640
    0.134084373700     0.046238634740
    0.133534818900     0.046230483800
    0.132985293900     0.046226382260
    0.132435843300     0.046226430680
    0.131886512000     0.046230811630
    0.131337359500     0.046239659190
    0.130788400800     0.046253167090
    0.130239680400     0.046271353960
    0.129691273000     0.046294264500
    0.129143223200     0.046321932230
    0.128595590600     0.046354394410
    0.128048405100     0.046391673390
    0.127501741100     0.046433858570
    0.126955628400     0.046480957420
    0.126410156500     0.046533007170
    0.125865370000     0.046590033920
    0.125321328600     0.046652100980
    0.124778062100     0.046718969940
    0.124235615100     0.046790592370
    0.123693987700     0.046866726130
    0.123153224600     0.046947158870
    0.122613325700     0.047031760220
    0.122074291100     0.047120336440
    0.121536135700     0.047212727370
    0.120998859400     0.047308683400
    0.120462432500     0.047408074140
    0.119926869900     0.047510758040
    0.119392156600     0.047616541390
    0.118858262900     0.047725263980
    0.118325278200     0.047837119550
    0.117793262000     0.047952260820
    0.117262259100     0.048070833090
    0.116732403600     0.048193093390
    0.116203740200     0.048319157210
    0.115676343400     0.048449169840
    0.115150347400     0.048583362250
    0.114625826500     0.048721864820
    0.114102885100     0.048864856360
    0.113581642500     0.049012500790
    0.113062217800     0.049164995550
    0.112544730300     0.049322478470
    0.112029284200     0.049485057590
    0.111516013700     0.049652911720
    0.111005067800     0.049826152620
    0.110496580600     0.050004966560
    0.109990671300     0.050189413130
    0.109487548500     0.050379686060
    0.108987331400     0.050575900820
    0.108490228700     0.050778202710
    0.107996419100     0.050986722110
    0.107506051700     0.051201570780
    0.107019349900     0.051422879100
    0.106536582100     0.051650840790
    0.106057971700     0.051885589960
    0.105583742300     0.052127260710
    0.105114132200     0.052375946190
    0.104649394800     0.052631758150
    0.104189842900     0.052894845600
    0.103735730100     0.053165290500
    0.103287294500     0.053443193440
    0.102844908800     0.053728658710
    0.102408900900     0.054021820430
    0.101979553700     0.054322704670
    0.101557225000     0.054631397130
    0.101180285200     0.054918233310
    0.100843608400     0.055184040220
    0.100542634700     0.055429771540
    0.100273400500     0.055656496440
    0.100032344500     0.055865287780
    0.099816367030     0.056057274340
    0.099622711540     0.056233566250
    0.099448919300     0.056395221500
    0.099292829630     0.056543298070
    0.099152535200     0.056678805500
    0.099026396870     0.056802716110
    0.098912924530     0.056915953760
    0.098810777070     0.057019371540
    0.098718762400     0.057113748040
    0.098635807630     0.057199802250
    0.098560929300     0.057278212160
    0.098493427040     0.057349689300
    0.098432570700     0.057414859530
    0.098377600310     0.057474181060
    0.098327666520     0.057527970520
    0.098282203080     0.057576674970
    0.098241269590     0.057621106510
    0.098205715420     0.057662561540
    0.098173767330     0.057700399310
    0.098145395520     0.057735141370
    0.098120376470     0.057767137890
    0.098098427060     0.057796642180
    0.098079219460     0.057823821900
    0.098062366250     0.057848811150
    0.098047584300     0.057871758940
    0.098034635190     0.057892810550
    0.098023280500     0.057912103830
    0.098013356330     0.057929791510
    0.098004713650     0.057946003970
    0.097997218370     0.057960856710
    0.097990736370     0.057974457740
    0.097984567280     0.057988174260
    0.097978726030     0.058002009990
    0.097973212600     0.058015953750
    0.097968071700     0.058030005540
    0.097963288430     0.058044161650
    0.097958892580     0.058058414610
    0.097954869270     0.058072756980
    0.097951442000     0.058087218550
    0.097948789600     0.058101810510
    0.097947165370     0.058116517960
    0.097946807740     0.058131288740
    0.097947925303     0.058146022260
    0.097950682040     0.058160569520
    0.097955018280     0.058174796400
    0.097960889340     0.058188565080
    0.097968325020     0.058201700450
    0.097977340220     0.058214005080
    0.097988009450     0.058225177230
    0.098000347610     0.058234859260
    0.098014146090     0.058242805300
    0.098028972740     0.058249056340
    0.098044469950     0.058253880590
    0.098060369490     0.058257512750
    0.098076492550     0.058260202410
    0.098092764620     0.058262158190
    0.098109111190     0.058263570070
    0.098125502470     0.058264441790
    0.098141908650     0.058264825490
    0.098158329730     0.058264762160
    0.098174750800     0.058264285330
    0.098191156980     0.058263413610
    0.098207533360     0.058262210340
    0.098223879930     0.058260705320
    0.098240181800     0.058258898560
    0.098256468770     0.058256845920
    0.098272696140     0.058254528790
    0.098288878800     0.058251976970
    0.098305031660     0.058249220250
    0.098321139810     0.058246262370
    0.098337203260     0.058243110780
    0.098353222010     0.058239776640
    0.098372802140     0.058235447850
    0.098396718500     0.058229770510
    0.098425894980     0.058222334830
    0.098461449150     0.058212518690
    0.098504692320     0.058199450370
    0.098557159300     0.058181993660
    0.098620593550     0.058158483360
    0.098696976900     0.058126725260
    0.098788514730     0.058083862070
    0.098897874360     0.058026559650
    0.099030569200     0.057954061780
    0.099193543200     0.057865552600
    0.099393829700     0.057757630940
    0.099640190600     0.057626392690
    0.099943533540     0.057467330250
    0.100317120600     0.057274699210
    0.100777596200     0.057042106990
    0.101345807300     0.056762497870
    0.102047711600     0.056427899750
    0.102915689300     0.056029703470
    0.103791385900     0.055644880980
    0.104674294600     0.055273097010
    0.105563953500     0.054913975300
    0.106459766600     0.054566808040
    0.107361301800     0.054231174290
    0.108268186500     0.053906727580
    0.109180063000     0.053593046960
    0.110096633400     0.053289879110
    0.111017584800     0.052996844050
    0.111942708500     0.052713792770
    0.112871766100     0.052440434690
    0.113804549000     0.052176564930
    0.114740833600     0.051921948790
    0.115680426400     0.051676329230
    0.116623088700     0.051439326260
    0.117568597200     0.051210511480
    0.118516758100     0.050989527260
    0.119467362800     0.050775986160
    0.120420232400     0.050569389020
    0.121375203100     0.050369456410
    0.122332125900     0.050175726410
    0.123290881500     0.049987938260
    0.124251321000     0.049805711950
    0.125213369700     0.049628764390
    0.126176878800     0.049456618730
    0.127141773700     0.049289017920
    0.128108009700     0.049125883730
    0.129075631500     0.048967469480
    0.130044639100     0.048813879490
    0.131015017600     0.048665340990
    0.131986782000     0.048522096130
    0.132959932100     0.048384394500
    0.133934497800     0.048252731560
    0.134910494100     0.048127569260
    0.135887920900     0.048009447750
    0.136866793000     0.047898981720
    0.137847125500     0.047797001900
    0.138828888500     0.047704540190
    0.139812111090     0.047622874380
    0.140633374500     0.047564569860
    0.141319215300     0.047524146740
    0.141891822200     0.047497399150
    0.142369806800     0.047481011600
    0.142768710900     0.047472409900
    0.143101543200     0.047469627110
    0.143379196500     0.047471042720
    0.143610745700     0.047475367780
    0.143803820000     0.047481615100
    0.143964767500     0.047489061950
    0.144098877900     0.047497134660
    0.144210621700     0.047505438330
    0.144303679500     0.047513764350
    0.144381240000     0.047521296890
    0.144445836500     0.047528401020
    0.144499883100     0.047532770780
    0.144545108100     0.047531500460
    0.144582241800     0.047525342550
    0.144612178200     0.047516591850
    0.144636064800     0.047506805510
    0.144658699600     0.047494888310
    0.144680008300     0.047481149440
    0.144699946000     0.047465886920
    0.144718602300     0.047449376430
    0.144735887600     0.047431726010
    0.144751742500     0.047413047400
    0.144766122100     0.047393452380
    0.144778907300     0.047373004260
    0.144790023600     0.047351799910
    0.144799351700     0.047329921280
    0.144806772500     0.047307483850
    0.144812226300     0.047284606840
