-1.5246593050577406e-20 1.4907779871675686e-19 
-1.6823780939309226e-07 -9.43664103624934e-05 
-2.326814447702979e-06 -0.00018882523266214608 
-6.298405954751737e-06 -0.00028348297572103494 
-1.1911805707630703e-05 -0.0003784423641877635 
-1.899914214265869e-05 -0.0004738007584388996 
-2.7401616829689808e-05 -0.0005696481667248503 
-3.713169081019665e-05 -0.000666052744529039 
-4.8367747617975875e-05 -0.0007630604462188967 
-6.130588739430986e-05 -0.0008607067973269639 
-7.615509907117323e-05 -0.000959017218805455 
-9.313829887159379e-05 -0.0010580071567190766 
-0.00011243990014565662 -0.0011576888988179118 
-0.00013408111497181913 -0.0012580872795457556 
-0.00015804803317648412 -0.0013592248887660098 
-0.0001843245237056168 -0.0014611188059402518 
-0.00021289156459727206 -0.001563781356637331 
-0.00024373777967562522 -0.001667218204983949 
-0.0002769487666576754 -0.0017714081012401488 
-0.00031266784746287004 -0.0018763122929965391 
-0.00035104811176859906 -0.001981885832016607 
-0.00039225278776624655 -0.0020880775686746436 
-0.0004364482700334646 -0.0021948336447438523 
-0.00048369285952791724 -0.0023021504652449842 
-0.000533952638729496 -0.002410067167558729 
-0.0005871839626636533 -0.002518626361026823 
-0.0006433347590969337 -0.0026278733950844545 
-0.00070235787952529 -0.0027378494095787937 
-0.0007643724466596916 -0.002848509511438524 
-0.0008296229807804573 -0.0029597431281951146 
-0.0008983762730104179 -0.003071425776763418 
-0.0009709215273412427 -0.0031834185651346022 
-0.0010475340523797554 -0.0032955908581072052 
-0.001128320506439161 -0.0034079175202459586 
-0.001213331730039522 -0.003520407544634327 
-0.0013026153089214995 -0.003633070597514683 
-0.001396218937677859 -0.003745913585393458 
-0.001494316714373065 -0.00385883285912683 
-0.001597249967111768 -0.003971578784210091 
-0.0017054010091153249 -0.004083861863489211 
-0.001819188800642041 -0.00419535532322725 
-0.0019389833859893703 -0.004305772346850695 
-0.0020649732386960507 -0.004414986177740704 
-0.002197322709839211 -0.004522884675799112 
-0.0023361990833905538 -0.004629343751982662 
-0.0024818367477119755 -0.004734144468898497 
-0.0026346416216267996 -0.004836839083309937 
-0.0027950820912967795 -0.004936884458173686 
-0.0029636711876534403 -0.00503365989331387 
-0.0031408661375291282 -0.00512658069405774 
-0.003327025073147504 -0.005215142306108491 
-0.00352251821692456 -0.005298778851344605 
-0.0037277405312587915 -0.005376857368014928 
-0.003943131099105103 -0.005448736147343753 
-0.004169163673228691 -0.005513706413164108 
-0.0044063426743273975 -0.005570956157763161 
-0.004655215320966958 -0.005619616413042883 
-0.004916368351181839 -0.00565872667227255 
-0.005190430603928481 -0.005687214501371441 
-0.005478211192302349 -0.00570436080004518 
-0.0057806742913151556 -0.005709731169447565 
-0.006098867723207606 -0.005702645048762682 
-0.00643395300928756 -0.005680990869023839 
-0.006787199132268392 -0.00564198509143594 
-0.0071610716152959615 -0.0055879766986286555 
-0.007559734088128474 -0.005529093776090578 
-0.007987452944747831 -0.005472786277640218 
-0.008447450830741427 -0.005414545346543013 
-0.008943432042110979 -0.00534978601012121 
-0.009480307628222159 -0.005279439894284787 
-0.010063404744254769 -0.005203819542771014 
-0.010698276043686828 -0.0051213629964734384 
-0.011390996219998476 -0.005031407502231273 
-0.012147953136004343 -0.004933272886056651 
-0.012975659673846071 -0.00482576623040307 
-0.013880752249314185 -0.004708391129349174 
-0.014869687111151298 -0.004580450631135094 
-0.015948508652893895 -0.004440881238997008 
-0.017122745626939384 -0.004289179783786186 
-0.018397061692725907 -0.0041244382688170175 
-0.019775285390153264 -0.003947219321932704 
-0.021259704040419915 -0.0037555072158075823 
-0.022851740950991795 -0.0035510731143522344 
-0.02455104275224273 -0.0033330893265800065 
-0.02635595196102129 -0.0031020177431279757 
-0.028263336512548927 -0.0028579972111528345 
-0.030268814448108965 -0.0026018104288662762 
-0.0323668802819643 -0.002334630204675149 
-0.03455098319211772 -0.0020570134724075435 
-0.03681390413798323 -0.0017699754027670125 
-0.03914795960965107 -0.0014745670586992204 
-0.041545280751459926 -0.0011720348375656904 
-0.043998013947336316 -0.0008634728662260382 
-0.04649847028576274 -0.0005492768255388062 
-0.04903956183752094 -0.00023117922376626046 
-0.05161463700288133 9.016829280309038e-05 
-0.0542176143022561 0.0004148762320232542 
-0.05684343701181048 0.0007405801405166892 
-0.05948739844596081 0.001067954899780568 
-0.06214569250791218 0.001396127341497134 
-0.06481515346624211 0.0017244078198504493 
-0.06749309280348183 0.0020531120680171108 
-0.07017748555465883 0.002381463251218585 
-0.07286669711089556 0.002709194942235705 
-0.07555945955099222 0.0030361394153640637 
-0.07825477560696906 0.0033624484431367696 
-0.08095189646314987 0.0036882623910250625 
-0.08365036853872787 0.004012876825233894 
-0.0863497816174627 0.0043364525939268055 
-0.08904987570780418 0.004658827454488786 
-0.09175043254878695 0.004980179203431295 
-0.09445131830638456 0.005300477962872917 
-0.09715244876604681 0.005619636555205177 
-0.09985374663151757 0.0059377619800776065 
-0.10255518321536955 0.006254726316029493 
-0.10525673132760398 0.006570510058504801 
-0.10795837904458427 0.0068850445021868215 
-0.11066011644496665 0.007198300355682344 
-0.11336190284095998 0.007510552220702796 
-0.11606375832356053 0.007821573174921942 
-0.11876569420766642 0.008131230817252439 
-0.1214676630910229 0.008439914865123693 
-0.12416968622942068 0.008747423905601168 
-0.12687179654673206 0.009053458632255719 
-0.12957399514294005 0.009357999597515789 
-0.1322762541713045 0.009661289776801852 
-0.13497855436232262 0.009963498054887703 
-0.1376809209244167 0.010264396947632662 
-0.1403833511968015 0.010564009883544887 
-0.14308582486893168 0.01086251758826318 
-0.14578837383854684 0.011159626176977161 
-0.1484910224502119 0.011455109462543321 
-0.15119374279336675 0.011749214752637644 
-0.15389651962586323 0.012042073168697955 
-0.15659935817385462 0.012333629056893933 
-0.15930225831601655 0.012623875446629516 
-0.16200521868979523 0.012912815683591313 
-0.1647082535617014 0.013200304466386472 
-0.16741137266079786 0.013486240196365802 
-0.17011454487480726 0.01377091084257976 
-0.17281775172736047 0.01405448381249134 
-0.17552104189902745 0.014336484527550906 
-0.17822444464704087 0.014616627007949539 
-0.18092790855264163 0.014895402738953267 
-0.1836314030998856 0.015173099181582952 
-0.18633497947938638 0.015449209498176096 
-0.1890386696727186 0.01572341640078032 
-0.19174242225561677 0.015996221163457558 
-0.19444619713733424 0.01626801082596029 
-0.19715003591713315 0.016538362114958908 
-0.19985398261219875 0.016806828199323148 
-0.20255801642504478 0.017073608509412953 
-0.20526210264125627 0.01733904118429296 
-0.20796624036067426 0.01760312628557323 
-0.21067044355397577 0.017865715427889898 
-0.21337472193400653 0.01812670062090795 
-0.21607908183157445 0.01838600634243602 
-0.2187835243410147 0.018643612757327958 
-0.2214880431722912 0.018899578272884864 
-0.22419263212127413 0.019153961726746445 
-0.2268972868806707 0.01940680464418204 
-0.22960200453441326 0.019658134509711104 
-0.23230679042369676 0.019907889282935076 
-0.2350116539193387 0.02015596379734472 
-0.23771659886162624 0.020402313774986254 
-0.24042162182974416 0.02064697507457789 
-0.24312671986549234 0.020889981376882805 
-0.24583189328741856 0.021131335154135518 
-0.24853714370623678 0.021371030184193094 
-0.25124247450891346 0.021609046727747917 
-0.25394789091144665 0.021845353044505064 
-0.25665339872112997 0.022079921977952326 
-0.25935900342447943 0.022312743035800452 
-0.2620647114848785 0.02254381059346122 
-0.2647705288198219 0.022773144757725246 
-0.2674764610446921 0.023000789420068963 
-0.2701825169208184 0.023226770189544794 
-0.27288871380900387 0.023451026662959066 
-0.2755950721547544 0.023673475328931343 
-0.27830160941531623 0.02389407644753484 
-0.2810083377413741 0.024112853885295105 
-0.2837152683186174 0.02432983408928011 
-0.28642241268952445 0.02454502029022469 
-0.28912978095621916 0.024758402347721663 
-0.2918373808751301 0.024969953797625833 
-0.29454522002882877 0.025179589970532882 
-0.2972533018702716 0.02538721528346932 
-0.2999616107559677 0.025592920287382026 
-0.3026701030291726 0.025797100967594522 
-0.3053787293146053 0.026000163833460904 
-0.3080874596501571 0.026202203377791694 
-0.31079628100032547 0.02640304591375146 
-0.31350517795539595 0.02660251576211318 
-0.31621412905293705 0.02680049343799603 
-0.31892311032672616 0.026996887038213242 
-0.32163209741460497 0.0271916224184848 
-0.32434106183944444 0.027384708005594293 
-0.32704997586912243 0.0275761767549968 
-0.3297588171653644 0.02776602617580749 
-0.3324675741128041 0.027954143785702802 
-0.3351762397793913 0.02814039648526888 
-0.3378848060176865 0.02832471456726606 
-0.3405932577594574 0.028507170742587726 
-0.34330158116906756 0.02868785658689365 
-0.3460097693239261 0.028866791790189417 
-0.3487178257178595 0.029043865263004027 
-0.3514257560344484 0.029218952823190748 
-0.35413356406361357 0.02939197093703787 
-0.356841249679265 0.02956290104227475 
-0.35954881272209205 0.029731730525787814 
-0.36225625296930686 0.02989845160082528 
-0.36496356987103357 0.030063063837857933 
-0.3676707628487582 0.030225567027870614 
-0.3703778326330092 0.030385936173509237 
-0.37308478208296264 0.03054410729447228 
-0.37579161435902636 0.030700013532163423 
-0.37849833055092263 0.03085363047028988 
-0.3812049281200167 0.03100500756098193 
-0.38391140489471953 0.03115420120149412 
-0.3866177635049691 0.03130119527597334 
-0.3893240157060029 0.031445823513314285 
-0.39203017579077887 0.03158790128075286 
-0.3947362561251742 0.03172731436614754 
-0.39744226117303594 0.031864134911146695 
-0.4001481960666218 0.03199846560390919 
-0.4028540698893159 0.032130380615909206 
-0.4055598997251555 0.032259849646160195 
-0.40826570636885245 0.032386818543022305 
-0.4109715129647679 0.03251122903889484 
-0.4136773450338718 0.03263300029585233 
-0.41638322968704544 0.032752043834019376 
-0.41908919450942594 0.03286827795714371 
-0.42179526428100494 0.03298168060160622 
-0.424501461503152 0.03309226037936924 
-0.42720780689805354 0.03320002820498548 
-0.4299143174590452 0.033305030424190106 
-0.43262100592668 0.03340734188794804 
-0.4353278811242672 0.033507038148593966 
-0.4380349478275023 0.0336041979335118 
-0.44074220667205694 0.033698904161214106 
-0.44344965393747054 0.03379123970692126 
-0.44615728306363517 0.03388125086646783 
-0.4488650866313402 0.033968903824215996 
-0.45157305464567754 0.034054154065015996 
-0.45428117435053444 0.03413697603371346 
-0.4569894293166719 0.03421742027917766 
-0.45969780183082826 0.03429555643492852 
-0.46240627451125305 0.0343714386024128 
-0.46511483366893214 0.034444999458320275 
-0.467823467974317 0.03451611472183803 
-0.47053216703624634 0.03458466572133534 
-0.47324091887218805 0.034650637552164874 
-0.475949710339275 0.034714104193128696 
-0.4786585294308587 0.03477514210911556 
-0.4813673661032337 0.0348338004582821 
-0.48407621265336614 0.03489008551249827 
-0.48678506239245617 0.03494399981466488 
-0.4894939096460071 0.03499552911341148 
-0.49220275010519215 0.03504460820862798 
-0.4949115803014902 0.035091162313655694 
-0.49762039723940427 0.035135131986392 
-0.5003291971333512 0.03517655293287573 
-0.5030379763434056 0.03521549733541422 
-0.5057467320324611 0.03525203121728217 
-0.5084554632418763 0.03528613285520006 
-0.5111641705280934 0.035317715714611085 
-0.5138728549997029 0.03534669277417811 
-0.5165815174749083 0.03537302270266253 
-0.5192901580131071 0.03539672723324259 
-0.5219987765276659 0.03541783271116759 
-0.5247073726240319 0.03543637325142173 
-0.5274159453662073 0.035452403505022614 
-0.5301244925084608 0.03546598145820409 
-0.5328330099318042 0.0354771398495669 
-0.535541491253543 0.03548577864195581 
-0.5382499271358473 0.03549175430656954 
-0.5409583047170194 0.035494934854953676 
-0.5436666068535373 0.03549531440338947 
-0.5463748122595166 0.03549296484343492 
-0.5490828960711731 0.03548796075417671 
-0.5517908310822208 0.03548041687904664 
-0.5544985886656406 0.03547049181993307 
-0.5572061391649589 0.03545834565113963 
-0.5599134529526273 0.035444050164803696 
-0.5626205016672325 0.03542750949704596 
-0.5653272601137911 0.03540860914649987 
-0.5680337068825759 0.03538719972317947 
-0.5707398236396933 0.035363015336678974 
-0.5734455978929119 0.03533576600631762 
-0.5761510242818857 0.03530520847205588 
-0.5788561065369063 0.03527137015332279 
-0.5815608553914686 0.035234375817446796 
-0.5842652866142161 0.03519433396964644 
-0.5869694177821245 0.035151189521089136 
-0.5896732680339327 0.03510479247013931 
-0.5923768582608353 0.035054998765238155 
-0.595080211872601 0.035001795549160865 
-0.5977833534583724 0.03494528454459884 
-0.6004863061482307 0.03488557029970281 
-0.6031890907613142 0.03482272505379764 
-0.6058917253536855 0.03475678077464301 
-0.6085942251677904 0.0346877662207233 
-0.6112966010081577 0.034615658995847884 
-0.6139988582079037 0.03454034964077905 
-0.6167009993548297 0.03446172053875951 
-0.6194030265990355 0.03437971542461928 
-0.6221049440990947 0.03429441364537002 
-0.6248067548980079 0.03420591268173039 
-0.6275084598285734 0.03411428004054762 
-0.6302100563250894 0.03401950187343503 
-0.632911540596493 0.03392155069257869 
-0.6356129084658534 0.033820406711342454 
-0.6383141560445204 0.03371607406982127 
-0.6410152793990223 0.033608561556008526 
-0.6437162746872286 0.03349787862559777 
-0.6464171385054008 0.03338403693544533 
-0.6491178677626703 0.0332670485840083 
-0.6518184588671719 0.0331469091655851 
-0.6545189059090869 0.033023560683001156 
-0.6572192027311591 0.032896934284463324 
-0.6599193446519241 0.032766988408505976 
-0.6626193308002966 0.03263376143695777 
-0.6653191609833747 0.03249730627854436 
-0.6680188346503115 0.03235766782119639 
-0.6707183504349463 0.03221487150671364 
-0.6734177066169563 0.03206893973931597 
-0.6761169003005 0.03191987891896251 
-0.6788159266545957 0.03176766577958264 
-0.6815147804163362 0.031612273917817485 
-0.6842134561255642 0.031453679646400313 
-0.6869119481893585 0.03129186283462487 
-0.6896102510988682 0.031126806006172597 
-0.6923083621088338 0.03095853429570211 
-0.6950062808876116 0.030787109370441094 
-0.6977040066798382 0.03061258529469071 
-0.7004015340081676 0.03043494118364796 
-0.7030988550339827 0.03025411819400429 
-0.7057959625693824 0.030070067460693 
-0.708492852020762 0.029882782657727123 
-0.7111895194680266 0.029692268594360204 
-0.7138859621290262 0.029498544448164556 
-0.7165821793967342 0.029301656741594566 
-0.7192781706799937 0.029101652376292766 
-0.7219739319028429 0.028898531525659254 
-0.7246694560591656 0.028692254754470025 
-0.7273647366595165 0.028482788917330814 
-0.7300597702941257 0.02827014079914209 
-0.7327545546442018 0.028054330170152818 
-0.7354490863812431 0.027835362462229497 
-0.738143360326598 0.027613218089691745 
-0.7408373715412293 0.02738787804968369 
-0.7435311179074107 0.027159354247665406 
-0.7462245989957546 0.026927676204748875 
-0.7489178123484024 0.02669284868798867 
-0.7516107503185354 0.026454816239561908 
-0.7543034055202508 0.026213523370528527 
-0.7569957801090387 0.02596901544425618 
-0.7596878824286211 0.025721401292600574 
-0.7623797150402825 0.025470723138942993 
-0.7650712675217992 0.025216878859165518 
-0.7677625311272162 0.024959776780342002 
-0.7704535187555299 0.024699540841627562 
-0.7731442524274992 0.02443638356699314 
-0.7758347261846833 0.024170235087146524 
-0.7785248994614937 0.023900680224620715 
-0.7812147497360444 0.023627487260796463 
-0.7839043166353835 0.02335105053231215 
-0.786593642672891 0.023071812129506004 
-0.7892827132787184 0.02278967999670015 
-0.7919714869185687 0.022504332187445967 
-0.7946599374238819 0.022215642922429033 
-0.7973480513563092 0.02192366180557905 
-0.8000358193743928 0.02162851669081343 
-0.8027232401390285 0.021330444407169413 
-0.805410289101182 0.02102951567522431 
-0.8080968908431809 0.020725381193292997 
-0.810782977649055 0.0204177784199395 
-0.8134685385297111 0.02010695140076357 
-0.8161535928108331 0.01979338174567267 
-0.818838234263829 0.01947811621586105 
-0.8215225316429127 0.01916192598915549 
-0.8242063121229057 0.018843468010754687 
-0.8268893651254642 0.01852100297485609 
-0.8295716329126546 0.018194034276097913 
-0.8322531281215229 0.01786256710379508 
-0.8349339420398809 0.017527133602996747 
-0.8376141747458233 0.01718825066999033 
-0.840293870616976 0.016845912767478086 
-0.8429730533300183 0.016499909651198144 
-0.8456517204684608 0.016149817890747594 
-0.8483299252445333 0.01579562734153993 
-0.8510078041358259 0.01543796437501331 
-0.8536854519353112 0.015077148767068577 
-0.8563629144005207 0.014713153262375286 
-0.8590401911064661 0.0143456594672612 
-0.8617172842238117 0.013974412292891196 
-0.8643942673579306 0.01359971710947496 
-0.8670711992595043 0.013221810594564967 
-0.86974810631896 0.0128407299601508 
-0.8724250257745736 0.012456621415672041 
-0.8751019838229881 0.012069583949731856 
-0.8777789697816235 0.011679485088033436 
-0.880455972147869 0.01128621397568862 
-0.8831330081108881 0.010889875005513706 
-0.8858101579764447 0.010491010781201487 
-0.8884874009439737 0.010089503489493867 
-0.8911646783174966 0.009685002773746697 
-0.8938420155394189 0.009277750732673902 
-0.8965194101458674 0.008867840064802327 
-0.8991968481166192 0.008455337384240823 
-0.9018743142400956 0.008040375537747226 
-0.9045517624682525 0.0076229900546557336 
-0.9072291290766 0.007203247954259424 
-0.9099063448067066 0.00678137982437761 
-0.9125832898155274 0.006357568091722999 
-0.9152597237975364 0.005931606139875841 
-0.9179353180922064 0.005503233790805589 
-0.9206097730775187 0.005073024752355658 
-0.9232826132427973 0.0046412986604422975 
-0.9259531402518093 0.004208068562403737 
-0.9286204431933057 0.00377338328045247 
-0.9312833774173255 0.0033375077992562237 
-0.9339405670746196 0.0029012741332350455 
-0.9365900752253674 0.002464436708770322 
-0.939229745243938 0.0020281064573561404 
-0.94185691590163 0.001593367797494611 
-0.9444680605105368 0.0011593973540382251 
-0.9470593446709858 0.0007270540053467665 
-0.9496262727033862 0.00029685453693699046 
-0.952163878094237 -0.00012991965106238845 
-0.9546664824964375 -0.0005528570452687641 
-0.9571280575047605 -0.000970646654386563 
-0.9595420678942801 -0.0013825783783795364 
-0.9619018693288768 -0.001786958252305293 
-0.9642005083113177 -0.0021831986249828544 
-0.9664312973883937 -0.0025694987805804925 
-0.9685876690921092 -0.002944817234997396 
-0.9706635763933278 -0.0033076943707706506 
-0.972653421826638 -0.0036577400984152656 
-0.9745525765362264 -0.00399366257619728 
-0.9763589849542248 -0.004304920236622507 
-0.9780715122553698 -0.004581001187867047 
-0.9796889843571837 -0.0048165292873066715 
-0.9812111979669853 -0.005006346388504484 
-0.9826413005760978 -0.005111158497026938 
-0.9839756211417707 -0.0051705242597916146 
-0.9852151406139551 -0.005203922478036297 
-0.9863628856417055 -0.005211818329189763 
-0.9874225801518445 -0.005198169459360324 
-0.9883985977825238 -0.005165940337468198 
-0.9892957816584326 -0.005117631267830218 
-0.9901193249836667 -0.005056349049979308 
-0.9908747625409656 -0.004986016068385427 
-0.9915674103644013 -0.004907773885063898 
-0.9922026194896393 -0.004823104424966085 
-0.9927859920812419 -0.004736532285670363 
-0.993322262593811 -0.0046478014211684664 
-0.9938161583191764 -0.004557982692687141 
-0.9942720310028174 -0.004468166814279737 
-0.9946929290240913 -0.004374921107110169 
-0.9950817707023366 -0.004276410979814679 
-0.9954415269512672 -0.004173300273082988 
-0.9957751433920305 -0.004066898284327745 
-0.9960854394991786 -0.003958769053839982 
-0.9963747962270957 -0.003849762404839262 
-0.9966451904618765 -0.003740117648072274 
-0.9968983185679537 -0.0036299378073977274 
-0.9971355303267078 -0.0035191257831282286 
-0.9973580395169171 -0.003407607756089199 
-0.9975669834499201 -0.003295438072502394 
-0.9977634136341595 -0.0031827424064259447 
-0.9979482230889951 -0.0030695832807595023 
-0.9981218136067553 -0.002955659564652276 
-0.9982844348145384 -0.0028405979132365834 
-0.998436442294233 -0.0027241935446546766 
-0.9985787077491597 -0.002606924050334535 
-0.9987122686633634 -0.0024895107978633946 
-0.9988380215200117 -0.0023725371731791213 
-0.9989563830283387 -0.0022561845483781255 
-0.9990672302207373 -0.002140190247301529 
-0.9991704730905224 -0.0020243087010034322 
-0.9992661371147217 -0.0019083708802637522 
-0.9993548593795077 -0.0017925891412353386 
-0.9994375641605192 -0.0016773565800948813 
-0.9995150659945733 -0.0015630013790106092 
-0.999587981446979 -0.0014497587987511288 
-0.9996556832505423 -0.0013374261793351837 
-0.9997168988859542 -0.0012255629134196406 
-0.9997705518541627 -0.0011137702950982117 
-0.999815752246793 -0.001001688902292329 
-0.9998526618311536 -0.0008893152264053218 
-0.9998829496377457 -0.0007771687752240988 
-0.9999082364170141 -0.0006657255121791668 
-0.9999299635704278 -0.0005553714320605364 
-0.9999493472730843 -0.0004463930977569308 
-0.9999665146261081 -0.00033872689145053776 
-0.9999809023327213 -0.00023208242453672358 
-0.9999919520692423 -0.0001261544694775274 
-0.9999991051738721 -2.0628356564632712e-05 
-1.0000018924228908 8.480733122267021e-05 
-1.0000006030082587 0.00019038949718766857 
-0.9999958348944376 0.00029632140868103254 
-0.9999881581136759 0.0004028022947783087 
-0.9999781314299683 0.0005100217541083002 
-0.9999662241496866 0.0006181615024122558 
-0.999952326364347 0.0007274276920995976 
-0.9999360795988994 0.0008380242744441678 
-0.9999170821669839 0.0009501362137910821 
-0.999894882884422 0.0010639287859206723 
-0.9998690128416367 0.0011795305667061916 
-0.9998390943178554 0.001296983025406193 
-0.9998047402365787 0.0014162810558119047 
-0.9997655182385531 0.0015373849828990464 
-0.9997209502312475 0.0016602195999953953 
-0.9996706212109245 0.001784702398097125 
-0.9996142035921979 0.001910748458295461 
-0.999551352060291 0.002038239639738506 
-0.9994817000822352 0.002167022480394899 
-0.9994051238117502 0.002297151880634423 
-0.999321999207263 0.0024291271167250564 
-0.9992328812653939 0.002563585028507848 
-0.9991384686314996 0.0027012693605261307 
-0.9990389193280638 0.002842662023712523 
-0.9989336497202064 0.0029878782996031203 
-0.9988219465538435 0.0031370059513414292 
-0.9987030691885758 0.0032901761507648495 
-0.9985765274362904 0.003447753072343863 
-0.9984418851898735 0.0036102167640023213 
-0.9982986112173046 0.003778065119702761 
-0.998145628570474 0.003951458497647485 
-0.9979814645960582 0.004130355312238022 
-0.9978045672897933 0.00431481150152942 
-0.9976139770266892 0.004505637585893603 
-0.9974088968334138 0.004704015392333027 
-0.9971879349399562 0.004910813720257939 
-0.9969487781986888 0.005126305112480821 
-0.996688924460915 0.005350918817489578 
-0.9964062607790317 0.005585908409563888 
-0.9960983628656123 0.005832575530052229 
-0.9957615901160632 0.006091237393505305 
-0.9953921564196184 0.006362593731866216 
-0.9949872245160779 0.006649190019837968 
-0.9945423577097825 0.006951853153704026 
-0.9940515215032192 0.007269699372480547 
-0.9935107066980986 0.007605316132173321 
-0.9929146953204492 0.007959770326982824 
-0.9922578808223413 0.008334014638127817 
-0.9915354345313403 0.008730335251270689 
-0.9907398140302635 0.009146068337631395 
-0.9898671576760493 0.009584959471687181 
-0.9889111499447822 0.01004535723444853 
-0.9878666490180041 0.010526761576396391 
-0.9867292226596484 0.011028520220462806 
-0.9854935349043396 0.01154634170878779 
-0.9841424925385999 0.012039760123974664 
-0.9826789260327863 0.012515733754841532 
-0.9811110604296996 0.01299562405383507 
-0.9794403482229084 0.013480124969798871 
-0.9776709075551402 0.013975521773573207 
-0.9758088526112095 0.0144919310349668 
-0.9738581051091922 0.01502812200326003 
-0.9718237428308011 0.015583668223106582 
-0.9697109139765465 0.016155570753119512 
-0.9675257338945414 0.016742214872033707 
-0.9652747232505708 0.017342043303010857 
-0.9629644472031427 0.017952972482243416 
-0.9606013404500502 0.018572428680791134 
-0.958192162379692 0.01919976709185968 
-0.955742723767787 0.019831955500349538 
-0.953259262503049 0.020469339045425538 
-0.9507468481196917 0.02110979214575297 
-0.948210093103652 0.021751671941882062 
-0.9456536240557887 0.022395773664485013 
-0.9430805787900961 0.023039362309165045 
-0.9404944745991441 0.02368348821374523 
-0.9378976747041863 0.02432669740174697 
-0.9352924868137377 0.024969218840571013 
-0.9326806331875227 0.025610598420549496 
-0.93006352952893 0.026250580530597138 
-0.9274424514375535 0.026889558165102266 
-0.9248182499288046 0.02752719289594035 
-0.9221915732506957 0.02816312728981868 
-0.9195629459441406 0.028797144828122494 
-0.9169329075193462 0.02942961313746939 
-0.91430156623192 0.0300595070752545 
-0.911669115770104 0.03068647569813706 
-0.9090360620186473 0.03131172241367025 
-0.9064025029055832 0.03193494021143991 
-0.9037682778864061 0.0325548695160035 
-0.9011336776941045 0.03317229124735201 
-0.89849885074095 0.03378746918586056 
-0.89586349623614 0.034398826065976426 
-0.8932279233387377 0.03500746196292114 
-0.8905922156827645 0.035613555440052624 
-0.8879562444036654 0.036216409060036064 
-0.885320005570769 0.03681589039545658 
-0.8826835654271209 0.037412204867543486 
-0.8800469623511264 0.03800545680787686 
-0.8774101360497989 0.03859532958165169 
-0.8747730930925096 0.03918181939590504 
-0.8721358419120043 0.03976493966996504 
-0.8694982846914333 0.04034423236887701 
-0.8668604115518344 0.04091965154175502 
-0.8642222913068359 0.04149152102125542 
-0.8615838806557319 0.04205966261750031 
-0.8589451478344283 0.04262397348658581 
-0.8563061835017624 0.04318494600638354 
-0.8536669245836285 0.043742366180837405 
-0.8510271301257541 0.04429520305490135 
-0.8483867790436481 0.04484349666747301 
-0.8457459771821727 0.04538792152353565 
-0.843104718782025 0.04592866545401646 
-0.8404629229523766 0.04646558428799383 
-0.8378203917067891 0.04699796304682483 
-0.8351769761533012 0.04752535242201469 
-0.8325327689934364 0.048048529027769744 
-0.8298878060890704 0.048567978643803494 
-0.8272418670888418 0.04908287173238836 
-0.8245947924664412 0.049592668522319736 
-0.8219466630523148 0.05009802809649631 
-0.8192975081516808 0.050599273104982044 
-0.8166471183696826 0.051095387767148455 
-0.8139954486676142 0.05158617791279426 
-0.8113430763806736 0.05207475168431358 
-0.8086905508398644 0.052563996759773066 
-0.8060377163561738 0.05305293433736371 
-0.8033842566637237 0.05353966101955792 
-0.8007300563856361 0.05402329464587304 
-0.7980750915481054 0.0545034107768083 
-0.7954193868581859 0.05497984052491574 
-0.792762999883183 0.05545259897818612 
-0.7901059706559361 0.055921617220567855 
-0.7874483135703512 0.056386706366584466 
-0.7847900515171363 0.05684776214522313 
-0.7821312478768961 0.05730495297344405 
-0.7794719628284829 0.05775846834376811 
-0.7768122094866928 0.058208262557928894 
-0.7741519763582385 0.058654180417321296 
-0.7714912568940308 0.059096121214023564 
-0.7688300530522012 0.05953405278726711 
-0.7661683650170761 0.0599679473645762 
-0.7635061914180381 0.06039777615044743 
-0.7608435308212457 0.06082351514471372 
-0.7581803952346845 0.06124522956781582 
-0.7555168086719795 0.061663061547866 
-0.7528527842682727 0.062077079151963824 
-0.7501882969862793 0.06248709780642255 
-0.7475233160533302 0.06289289123990448 
-0.7448578432105853 0.06329444193437815 
-0.7421919101883678 0.06369192522600918 
-0.739525541814214 0.0640854667698029 
-0.7368587247286751 0.06447493225459822 
-0.7341914350815372 0.06486011542478896 
-0.7315236684589888 0.06524094284171417 
-0.7288554499477917 0.06561754344205345 
-0.7261868051476201 0.06599005010334782 
-0.7235177391187767 0.0663584531805292 
-0.7208482442035795 0.0667226552636913 
-0.7181783140105876 0.06708256776525895 
-0.7155079486244668 0.06743814377720311 
-0.7128371497789695 0.06778934736647999 
-0.7101659218843089 0.06813616398451733 
-0.7074942745686982 0.06847862006460756 
-0.704822217949279 0.06881674505484876 
-0.7021497574136351 0.06915052848289252 
-0.6994768934496809 0.06947991810692136 
-0.6968036271748288 0.06980486471990185 
-0.6941299668824352 0.0701253760779476 
-0.6914559255283477 0.07044149602307125 
-0.6887815147623404 0.07075325426623466 
-0.686106735244647 0.07106058122952337 
-0.6834315831723476 0.07136336618293393 
-0.6807560576770496 0.07166152290149305 
-0.6780801711988785 0.07195508080141821 
-0.6754039399988432 0.07224410322692526 
-0.6727273782227664 0.07252863643695545 
-0.6700504926827013 0.07280866437888617 
-0.6673732882377054 0.07308415684305826 
-0.6646957690422114 0.07335507886659569 
-0.6620179378634143 0.07362138048354412 
-0.6593397969091848 0.07388300884116976 
-0.6566613485848642 0.07413991442358647 
-0.6539825965645383 0.07439205750984036 
-0.6513035447080964 0.07463940020054242 
-0.6486241981910914 0.0748819184195919 
-0.6459445662683452 0.07511963054192752 
-0.6432646591516158 0.07535256303908601 
-0.6405844869906283 0.07558074011642456 
-0.6379040591299513 0.07580417818328682 
-0.6352233848464058 0.07602289194087034 
-0.6325424725295283 0.076236883649505 
-0.6298613264501771 0.07644610215973571 
-0.6271799495538952 0.07665048201092152 
-0.6244983445487876 0.07684995811784044 
-0.6218165145851055 0.07704446734354078 
-0.6191344623451368 0.07723394729580223 
-0.6164521900411488 0.07741834495878208 
-0.6137697039354011 0.07759768691938418 
-0.6110870113020536 0.07777204018520158 
-0.608404117091416 0.07794146973609091 
-0.6057210208422129 0.0781060056649181 
-0.6030377169704659 0.07826565178927614 
-0.6003541963950397 0.07842040900759692 
-0.5976704430541616 0.07857020429224251 
-0.5949864332494712 0.07871487764377902 
-0.5923021396566964 0.07885426475702151 
-0.5896175368106555 0.07898828622233098 
-0.5869326065730059 0.07911702877970393 
-0.5842473311979509 0.07924059823890973 
-0.5815616929405862 0.07935909525832477 
-0.5788756734906859 0.0794726027492283 
-0.576189258828686 0.07958119934388622 
-0.5735024408391965 0.07968491323219234 
-0.5708152113151954 0.07978341573264681 
-0.568127568626522 0.07987622287817561 
-0.5654395239605846 0.07996290074041747 
-0.5627511240759424 0.08004387905114761 
-0.5600624464403534 0.08012030645043419 
-0.557373577816044 0.08019334480991967 
-0.5546845920978214 0.0802635439010618 
-0.5519955352380927 0.08033046047254232 
-0.5493064504934839 0.08039356075796754 
-0.5466173807074307 0.08045233403920085 
-0.5439283719379081 0.0805063478640849 
-0.541239463633163 0.08055518708673362 
-0.5385506857562086 0.08059848775359885 
-0.5358620638671233 0.08063629290102113 
-0.5331736156370483 0.08066884158518713 
-0.5304853483185792 0.08069636575544721 
-0.5277972578780835 0.0807188939846411 
-0.5251093307889191 0.08073624522317052 
-0.5224215484535608 0.08074822918991399 
-0.5197338900068071 0.08075475868904314 
-0.5170463349993194 0.08075597976748546 
-0.5143588638059754 0.08075207027633798 
-0.511671458462922 0.0807431810225869 
-0.5089841025689552 0.08072931622614996 
-0.5062967825286682 0.08071043019538957 
-0.503609488189756 0.08068647633917087 
-0.5009222139793824 0.08065739692106194 
-0.4982349583459084 0.0806231255142848 
-0.4955477223654575 0.08058359641721562 
-0.49286050741411264 0.08053882746193947 
-0.4901733133685555 0.08048898093226248 
-0.4874861412122565 0.08043423347171352 
-0.4847989943178659 0.08037470357898739 
-0.48211188212709843 0.0803102711456712 
-0.4794248160960216 0.08024075485385451 
-0.4767378078092414 0.0801659907415721 
-0.4740508649358248 0.08008599849971233 
-0.47136399289045017 0.08000090811001326 
-0.4686771973471747 0.07991085018896908 
-0.4659904841536212 0.07981592067039858 
-0.4633038592598927 0.07971617046854386 
-0.46061732875697853 0.0796116474490171 
-0.4579309015363084 0.07950234602331557 
-0.45524459424964 0.0793881082051613 
-0.4525584249411994 0.0792687490061479 
-0.44987240948513335 0.0791441281512854 
-0.4471865494283328 0.07901439958334712 
-0.44450084052577427 0.0788798361269664 
-0.44181527924497377 0.0787406962769042 
-0.4391298743799756 0.07859698987646103 
-0.4364446450088237 0.07844851959349278 
-0.4337596104812289 0.07829508325586507 
-0.4310747849758124 0.07813658261595087 
-0.4283901742317661 0.0779730884809873 
-0.42570578322542785 0.07780468718715927 
-0.4230216162177346 0.07763146715062907 
-0.4203376751704455 0.07745352339914328 
-0.4176539615505621 0.07727095229292404 
-0.4149704786721804 0.07708382440160386 
-0.4122872417590568 0.07689204766431429 
-0.4096042706449294 0.07669546680644113 
-0.40692158432359266 0.07649393794450965 
-0.4042391912349383 0.07628746359601546 
-0.40155709259829836 0.07607614679753429 
-0.3988752895839139 0.07586009162313498 
-0.39619378477658657 0.07563937484372371 
-0.39351258233556036 0.07541404256060133 
-0.39083168655374795 0.07518413891944907 
-0.38815110423205984 0.074949679359888 
-0.3854708465305518 0.0747106291243058 
-0.3827909249941534 0.07446694838424016 
-0.3801113514151434 0.07421859653389776 
-0.37743213834507683 0.07396553095419998 
-0.37475329837936694 0.07370770868706775 
-0.3720748412542398 0.0734451137309241 
-0.3693967663030582 0.07317783064394241 
-0.3667190702439429 0.07290596741058206 
-0.3640417510482364 0.07262961524220789 
-0.3613648141166161 0.07234878215351526 
-0.3586882665634828 0.0720634503196467 
-0.35601211412797074 0.07177360527423758 
-0.35333635903645005 0.071479253764637 
-0.35066100110025605 0.07118041041422293 
-0.3479860391697831 0.07087708224981018 
-0.3453114760800782 0.07056922493181927 
-0.34263731511367035 0.07025677214855956 
-0.33996355650894067 0.06993966603513715 
-0.33729019149458617 0.0696179119907704 
-0.3346172066064889 0.06929154286719727 
-0.33194458573506463 0.06896060210837236 
-0.329272302143727 0.06862520500316836 
-0.32660032516603593 0.06828549644321266 
-0.32392862936221073 0.06794158900482421 
-0.3212572149401562 0.06759341040964911 
-0.3185860934001124 0.0672408232116914 
-0.31591527756080023 0.06688371076598723 
-0.3132447738749661 0.06652204681924671 
-0.3105745907138027 0.06615583038094838 
-0.30790473199091645 0.06578512643216419 
-0.3052351775567565 0.06541019953128849 
-0.3025659058909985 0.06503135277199316 
-0.299896897082174 0.06464888945921503 
-0.29722813012816296 0.06426311245039465 
-0.29455958620596834 0.06387431086912192 
-0.29189130901110566 0.06348234805282156 
-0.2892234135782183 0.06308659284785012 
-0.28655600812333626 0.06268643583740457 
-0.2838891130727694 0.062281833303379705 
-0.281222691234642 0.061873098740898025 
-0.2785567083689991 0.06146049103607349 
-0.27589116731679536 0.06104398637129221 
-0.27322607906816293 0.06062347753724086 
-0.2705614388721987 0.06019893650928427 
-0.26789721559013274 0.05977048886704795 
-0.2652333750734403 0.05933827094566007 
-0.26256989819498117 0.05890232082169382 
-0.2599067781038917 0.058462601011924825 
-0.2572440049856265 0.05801909800675502 
-0.25458155257715015 0.05757190561973484 
-0.25191939185352485 0.05712114446754509 
-0.24925750235490332 0.05666689242624684 
-0.24659587378227316 0.056209174202444145 
-0.243934499347223 0.05574800348736581 
-0.24127338160667888 0.05528334969961496 
-0.23861252679252648 0.05481516856517556 
-0.23595193053583544 0.05434348100306155 
-0.23329157422554503 0.053868392615552346 
-0.23063144028959845 0.053390006688452396 
-0.22797151789917758 0.05290838931704253 
-0.22531179833540588 0.05242359690781671 
-0.22265227009744684 0.05193570175583571 
-0.21999291930676212 0.05144478978488812 
-0.21733374356791643 0.050950887413088876 
-0.21467476637033633 0.05045388417908308 
-0.21201600731975617 0.049953691520949965 
-0.20935744132552295 0.049450459268784955 
-0.20669902848987484 0.048944416480324694 
-0.20404074789988877 0.048435688193727004 
-0.20138259371511896 0.04792431702923049 
-0.19872458498220016 0.04741022004852506 
-0.19606677484908852 0.0468931422784827 
-0.1934091721449337 0.04637305384174674 
-0.19075167644944915 0.04585047947081474 
-0.18809421584681793 0.045325799253370845 
-0.18543687450561425 0.04479860140079281 
-0.18277973740145143 0.044268468158880615 
-0.18012272792205242 0.043735793301205375 
-0.17746574756438313 0.04320108118883771 
-0.1748088492742605 0.04266408026455847 
-0.17215211468166142 0.04212439413895711 
-0.16949547590763825 0.04158236365867014 
-0.16683883652969778 0.041038470935528655 
-0.1641822477656981 0.040492473442990465 
-0.16152578425237765 0.03994401287148775 
-0.15886940027479876 0.0393933179370251 
-0.156213030436809 0.03884071254500661 
-0.15355665333727928 0.03828630322621787 
-0.15090028400756106 0.03773002291688439 
-0.14824399202658717 0.0371715475376345 
-0.14558777831406386 0.03661087987921819 
-0.14293155557883294 0.036048442086782824 
-0.1402752739120447 0.03548447649820628 
-0.1376189241439515 0.034919031860393725 
-0.13496255819539776 0.03435187263206604 
-0.1323062114779207 0.033782842393997856 
-0.1296498527021311 0.033212099083614874 
-0.12699344202587476 0.03263984011599013 
-0.1243369604259838 0.03206616733253092 
-0.12168046964787108 0.0314908126390965 
-0.11902395285347839 0.030913873549099177 
-0.11636730413213216 0.030335862225077354 
-0.11371054571461503 0.029756704466386667 
-0.11105375154146194 0.029176096641033024 
-0.10839696599091203 0.02859388089789935 
-0.1057400701115405 0.028010654661781403 
-0.10308305988315973 0.027426506260062492 
-0.10042602184639503 0.026841132513337924 
-0.09776893931147108 0.026254732029753532 
-0.0951118424148148 0.025667336116159227 
-0.09245481321820326 0.02507880867732826 
-0.08979788417750047 0.02448933478046705 
-0.08714103069506696 0.023899495867348797 
-0.08448453150174932 0.023308705812519162 
-0.08182850734859114 0.022717366551454343 
-0.07917331431062832 0.022125205785965954 
-0.07651929917144525 0.021532505532274544 
-0.07386684672403726 0.02094005956252792 
-0.07121683708257162 0.020347329338814245 
-0.06857019847032343 0.01975469211936868 
-0.06592810416242133 0.01916283984362597 
-0.06329226089623566 0.01857180570176599 
-0.06066469822747494 0.017982240947623133 
-0.058047992777426775 0.017394755533417572 
-0.05544525138049914 0.016810318797459017 
-0.05286030288514911 0.01622968614173575 
-0.05029772712430053 0.01565347573443708 
-0.04776252510969299 0.01508372957495665 
-0.04526073976871168 0.014521102034784078 
-0.042798825158181765 0.013967442703202514 
-0.04038385293454899 0.013424460911289016 
-0.03802340824439865 0.012893570390575199 
-0.03572524953520707 0.012376590011637448 
-0.03349706278091758 0.01187585590480679 
-0.031346636252259 0.011392337721770994 
-0.029281005163257125 0.010928268304203894 
-0.027306775708331895 0.010484528271782869 
-0.02542932385669238 0.010063112217324428 
-0.023653235372170664 0.009664221735894008 
-0.021981524942507477 0.009289003619701527 
-0.020415883597849085 0.00893797411912673 
-0.01895674141824282 0.008610555663756217 
-0.017602855629632246 0.008307028693244713 
-0.01635179644258986 0.008026764248962556 
-0.015200013390051923 0.00776857141878389 
-0.014142753483017809 0.007531900246895667 
-0.013174690667002546 0.007314999582478864 
-0.012289746182018004 0.0071167489860385885 
-0.011481430920821099 0.006936158613023495 
-0.010743376972927925 0.006770963154269358 
-0.010068989370571386 0.006620044493088568 
-0.009451883124701438 0.006482208620982576 
-0.008886104059393664 0.006355776447018536 
-0.008365990423056607 0.006239624169989462 
-0.007886372165646917 0.006132567273860209 
-0.0074426224695459545 0.006033271058827052 
-0.007030518509973237 0.005940898659854732 
-0.00664626971169951 0.005854928122618938 
-0.0062866189561342194 0.005774586524198724 
-0.005948775523544302 0.005698980853413515 
-0.005630235204840387 0.005627693974176868 
-0.005328703478259067 0.005560924927681227 
-0.005042262634553878 0.005498577306824293 
-0.004769731162288902 0.005438515807560778 
-0.004510279750651405 0.005378072146561731 
-0.004263119841764744 0.00531537551745193 
-0.0040274814196676135 0.005249757666326736 
-0.003802647933527312 0.005180949453177138 
-0.0035879862568648 0.005108757101330332 
-0.0033830440067425267 0.005033001558041755 
-0.0031874409866982554 0.004953543824428053 
-0.0030008146308556373 0.004870296797949251 
-0.0028228978042247072 0.004783277903280617 
-0.0026535075445486564 0.004692590662819612 
-0.0024924548681446897 0.004598342910831646 
-0.0023395267483694647 0.004500680970521821 
-0.00219439480830417 0.004399998849677483 
-0.002056704186658115 0.004296745587099755 
-0.0019261247653347613 0.004191315026476282 
-0.0018023590566767656 0.004084044714932216 
-0.001685179846214788 0.003975188594117511 
-0.001574386744112309 0.00386495802415513 
-0.001469787331079285 0.0037535411454895965 
-0.00137118321061695 0.0036411165063003313 
-0.0012782567167117054 0.0035279437897665533 
-0.001190644721994238 0.0034143081195415217 
-0.001108013471980295 0.0033004632599725188 
-0.0010300564296093823 0.003186634511596466 
-0.000956504954484475 0.0030729970992942716 
-0.0008871350501860111 0.0029596620398597896 
-0.0008217411344985765 0.002846723358429201 
-0.0007601318139999699 0.0027342646156808792 
-0.0007021263710624702 0.002622360567431073 
-0.0006475192004678731 0.0025110861876416375 
-0.0005960894353635051 0.0024005150476341243 
-0.0005476314622929481 0.0022907127290628325 
-0.0005019544350456008 0.002181737381190848 
-0.00045888090443134264 0.002073639458760124 
-0.00041824492924837244 0.001966451451765855 
-0.000379891311085936 0.0018601930353596933 
-0.00034367517329622643 0.0017548799143865146 
-0.00030946106670614877 0.001650524021598369 
-0.00027712263591960043 0.0015471329582689942 
-0.00024655389246540073 0.0014446986444589004 
-0.00021766808239866492 0.0013431973664150432 
-0.00019038366877500821 0.0012426016667347684 
-0.0001646232706954734 0.001142880206130252 
-0.0001403134102912753 0.0010439969180053744 
-0.00011744760487118973 0.0009459030295576614 
-9.619379836239402e-05 0.0008485241295357485 
-7.673934370424604e-05 0.0007517767299833617 
-5.926155776796991e-05 0.0006555709007196611 
-4.393044590211433e-05 0.000559809516884632 
-3.090265475375509e-05 0.00046439106491159604 
-2.0210569209910215e-05 0.00036925128473139755 
-1.1803389842052483e-05 0.00027434950049595177 
-5.638649290891614e-06 0.00017963685817749754 
-1.6848652620948429e-06 8.505749818962587e-05 
