298 
-0.9933129165538414 0.0015367980944582843 
-0.9899684286193167 0.002233224445318879 
-0.986623940684792 0.002932091624826612 
-0.9832794527502673 0.0035904413762298075 
-0.9799349648157425 0.004244742623406606 
-0.9765904768812178 0.004966460596177293 
-0.9732459889466931 0.005716363044754106 
-0.9699015010121683 0.0064647510066211025 
-0.9665570130776436 0.007204485448382862 
-0.963212525143119 0.007937240556076025 
-0.9598680372085943 0.008662470126322708 
-0.9565235492740695 0.009381190687058037 
-0.9531790613395448 0.010094149526238725 
-0.9498345734050201 0.010801224623149407 
-0.9464900854704953 0.011503529800481907 
-0.9431455975359706 0.012201144572468117 
-0.9398011096014459 0.012894394083508917 
-0.9364566216669212 0.013584273174734358 
-0.9331121337323964 0.014270957975974653 
-0.9297676457978717 0.014954159365321925 
-0.9264231578633471 0.01563434961592594 
-0.9230786699288223 0.016311298028912034 
-0.9197341819942976 0.016984857132916042 
-0.9163896940597729 0.01765517104653647 
-0.9130452061252482 0.01832139308867802 
-0.9097007181907234 0.018983837300193804 
-0.9063562302561987 0.019642962926764197 
-0.903011742321674 0.020297613613974346 
-0.8996672543871493 0.020948551669227856 
-0.8963227664526245 0.021595114804988012 
-0.8929782785180999 0.022237001739432584 
-0.8896337905835752 0.02287452459314168 
-0.8862893026490504 0.023507312628237312 
-0.8829448147145257 0.024135426184201076 
-0.879600326780001 0.024758643090948832 
-0.8762558388454762 0.02537674542122445 
-0.8729113509109515 0.025989887783750838 
-0.8695668629764268 0.02659785093269232 
-0.866222375041902 0.027199800055275013 
-0.8628778871073773 0.027796490825572968 
-0.8595333991728527 0.028387717779537337 
-0.856188911238328 0.028973261464149584 
-0.8528444233038033 0.029552548022312455 
-0.8494999353692785 0.030125848870817196 
-0.8461554474347538 0.030693352980388444 
-0.8428109595002291 0.03125460619048294 
-0.8394664715657043 0.03180897495081747 
-0.8361219836311796 0.032356866788364455 
-0.8327774956966549 0.03289853212130882 
-0.8294330077621301 0.03343370697595537 
-0.8260885198276054 0.03396112334762767 
-0.8227440318930808 0.0344814217864008 
-0.819399543958556 0.03499598254408015 
-0.8160550560240313 0.035504930068530664 
-0.8127105680895066 0.03600876758217007 
-0.8093660801549819 0.036509718057488455 
-0.8060215922204572 0.03700810281246206 
-0.8026771042859324 0.03750203795522287 
-0.7993326163514077 0.037990869700260374 
-0.795988128416883 0.03847459239561356 
-0.7926436404823582 0.03895291187494057 
-0.7892991525478336 0.039425372751052214 
-0.7859546646133089 0.03989196361908781 
-0.7826101766787841 0.04035333157407988 
-0.7792656887442594 0.04080939701786896 
-0.7759212008097347 0.04125959349381862 
-0.7725767128752099 0.04170385928674575 
-0.7692322249406852 0.042142759331473545 
-0.7658877370061605 0.04257606838294116 
-0.7625432490716358 0.043003521622426946 
-0.7591987611371112 0.04342517918590865 
-0.7558542732025864 0.0438414027320519 
-0.7525097852680617 0.04425205657725831 
-0.749165297333537 0.04465692094189473 
-0.7458208093990122 0.04505588999645797 
-0.7424763214644875 0.045449179061416906 
-0.7391318335299628 0.04583675094464586 
-0.735787345595438 0.04621856143370104 
-0.7324428576609133 0.0465945097922445 
-0.7290983697263886 0.04696462792644739 
-0.7257538817918638 0.047328891480414664 
-0.7224093938573393 0.04768743671821458 
-0.7190649059228145 0.048040263406455605 
-0.7157204179882898 0.048387218935332516 
-0.7123759300537651 0.04872813057381538 
-0.7090314421192403 0.04906315790119692 
-0.7056869541847156 0.04939241328793187 
-0.7023424662501909 0.04971564231334492 
-0.6989979783156661 0.050032751883111654 
-0.6956534903811414 0.05034398975684078 
-0.6923090024466168 0.05064957027256096 
-0.688964514512092 0.050949113970878965 
-0.6856200265775673 0.051242501353286826 
-0.6822755386430426 0.05152988011345001 
-0.6789310507085178 0.05181138621020956 
-0.6755865627739932 0.052086773536498085 
-0.6722420748394684 0.0523559501086138 
-0.6688975869049437 0.05261924316858951 
-0.665553098970419 0.05287676842197793 
-0.6622086110358942 0.05312822323720923 
-0.6588641231013695 0.05337320251849424 
-0.6555196351668449 0.05361200677007062 
-0.6521751472323201 0.05384477321911569 
-0.6488306592977954 0.05407136024771625 
-0.6454861713632707 0.054291375331936814 
-0.6421416834287459 0.054505285482179866 
-0.6387971954942212 0.0547132874198059 
-0.6354527075596965 0.05491529331347003 
-0.6321082196251717 0.05511072377067257 
-0.6287637316906471 0.05530000262200551 
-0.6254192437561223 0.05548329724213845 
-0.6220747558215977 0.0556605520983556 
-0.618730267887073 0.055830933837487995 
-0.6153857799525482 0.05599481669929483 
-0.6120412920180235 0.056152462419204026 
-0.6086968040834988 0.0563040075743312 
-0.605352316148974 0.05644894225784852 
-0.6020078282144493 0.056587618372426846 
-0.5986633402799246 0.05672031441022281 
-0.5953188523453998 0.05684688310808428 
-0.5919743644108751 0.05696651989306491 
-0.5886298764763505 0.05707917063367576 
-0.5852853885418257 0.057185443871220265 
-0.5819409006073011 0.057285556269121615 
-0.5785964126727763 0.05737925519788348 
-0.5752519247382516 0.057466372551310485 
-0.5719074368037269 0.05754731794136295 
-0.5685629488692021 0.0576218293301569 
-0.5652184609346774 0.05768946415837457 
-0.5618739730001527 0.05775044179500557 
-0.5585294850656279 0.057806652297036104 
-0.5551849971311033 0.05785894640707366 
-0.5518405091965786 0.05790716649962381 
-0.5484960212620538 0.057950159496785725 
-0.5451515333275291 0.057987902239817285 
-0.5418070453930044 0.05801996588811258 
-0.5384625574584796 0.058045865473053834 
-0.535118069523955 0.058064864232698944 
-0.5317735815894302 0.058077975646194144 
-0.5284290936549055 0.058085540571572725 
-0.5250846057203808 0.05808748065471113 
-0.521740117785856 0.058082850966509475 
-0.5183956298513314 0.05807213276839543 
-0.5150511419168067 0.05805561190772369 
-0.5117066539822819 0.0580334082767586 
-0.5083621660477572 0.05800495182467538 
-0.5050176781132325 0.05797061340570531 
-0.5016731901787077 0.05793069950734382 
-0.498328702244183 0.05788514195865535 
-0.49498421430965833 0.057833274847838824 
-0.49163972637513365 0.05777529483447471 
-0.48829523844060885 0.05771172250051539 
-0.48495075050608416 0.05764277849036084 
-0.4816062625715595 0.05756797735852605 
-0.4782617746370348 0.05748729803206229 
-0.47491728670251 0.0574008535717 
-0.4715727987679853 0.057308765573545084 
-0.4682283108334606 0.05721067503674136 
-0.4648838228989358 0.0571067787868864 
-0.46153933496441113 0.05699733461595249 
-0.45819484702988644 0.05688264072898569 
-0.45485035909536176 0.05676223660065341 
-0.45150587116083696 0.05663597678826898 
-0.44816138322631227 0.056503804601307835 
-0.4448168952917876 0.05636618161118306 
-0.4414724073572628 0.05622307750378732 
-0.4381279194227381 0.056074520304662465 
-0.4347834314882134 0.05592028758956917 
-0.4314389435536887 0.055760370754304636 
-0.4280944556191639 0.05559448189162914 
-0.42474996768463924 0.055422580293664536 
-0.42140547975011455 0.05524483211044616 
-0.41806099181558976 0.05506137700288069 
-0.41471650388106507 0.05487219482544158 
-0.4113720159465404 0.054677121097649384 
-0.4080275280120157 0.054476330403111534 
-0.4046830400774909 0.05426976094816096 
-0.4013385521429662 0.054057518754538826 
-0.3979940642084415 0.053839542664337096 
-0.3946495762739167 0.05361622299701525 
-0.39130508833939204 0.053387284557313765 
-0.38796060040486735 0.053152823989275774 
-0.38461611247034266 0.05291269326298123 
-0.38127162453581787 0.05266740935508514 
-0.3779271366012932 0.0524167495221599 
-0.3745826486667685 0.052160679310530894 
-0.3712381607322437 0.05189890797488324 
-0.367893672797719 0.051631997894272426 
-0.3645491848631943 0.051359930262862744 
-0.36120469692866963 0.051082705466790744 
-0.35786020899414483 0.05080010210878909 
-0.35451572105962015 0.050512543683984765 
-0.35117123312509546 0.05021995025031547 
-0.34782674519057066 0.04992217310242871 
-0.344482257256046 0.04961910197465981 
-0.3411377693215213 0.0493112123940414 
-0.3377932813869966 0.048998473955663445 
-0.3344487934524718 0.048680532431448695 
-0.3311043055179471 0.0483573032491838 
-0.32775981758342243 0.048029418766350855 
-0.32441532964889763 0.04769709781236976 
-0.32107084171437295 0.047360042893866645 
-0.31772635377984826 0.0470179968504251 
-0.31438186584532357 0.04667131436332861 
-0.3110373779107988 0.04632005044558772 
-0.3076928899762741 0.04596407363918603 
-0.3043484020417494 0.04560363087461004 
-0.3010039141072246 0.045239508681119533 
-0.2976594261726999 0.04487175957461281 
-0.2943149382381752 0.04450006734544577 
-0.29097045030365054 0.04412398319422865 
-0.28762596236912574 0.04374341296454125 
-0.28428147443460106 0.043358100217568266 
-0.28093698650007637 0.04296798383582386 
-0.27759249856555157 0.04257305367273465 
-0.2742480106310269 0.04217373801643475 
-0.2709035226965022 0.04176997849086059 
-0.2675590347619775 0.041361651437673924 
-0.2642145468274527 0.040948767038761776 
-0.260870058892928 0.04053171994242821 
-0.25752557095840334 0.04011048417659249 
-0.25418108302387854 0.039684834210154965 
-0.25083659508935385 0.03925485109088994 
-0.24749210715482917 0.03882086745570103 
-0.24414761922030448 0.03838299942978021 
-0.24080313128577968 0.037940927800741965 
-0.237458643351255 0.03749471073134652 
-0.2341141554167303 0.037044470084700125 
-0.2307696674822055 0.036590409547333266 
-0.22742517954768082 0.0361323325134335 
-0.22408069161315614 0.035670590614745055 
-0.22073620367863145 0.035205210177130575 
-0.21739171574410665 0.03473634680887758 
-0.21404722780958196 0.03426350433350041 
-0.21070273987505728 0.03378696961095789 
-0.20735825194053248 0.033306826735503225 
-0.2040137640060078 0.03282350076988757 
-0.2006692760714831 0.032336808163597616 
-0.19732478813695842 0.03184680092081242 
-0.19398030020243362 0.031353000225051095 
-0.19063581226790893 0.03085608471574955 
-0.18729132433338425 0.030356356365636255 
-0.18394683639885945 0.02985331660268256 
-0.18060234846433476 0.02934688941739591 
-0.17725786052981007 0.028837763915656782 
-0.1739133725952854 0.028325475231742718 
-0.1705688846607606 0.027809971005665846 
-0.1672243967262359 0.027291934208811604 
-0.16387990879171122 0.026771127642970245 
-0.16053542085718642 0.026247199163901405 
-0.15719093292266173 0.025720650100749635 
-0.15384644498813704 0.025191716323877282 
-0.15050195705361236 0.024660106008460136 
-0.14715746911908756 0.02412575872353688 
-0.14381298118456287 0.023588768376371624 
-0.14046849325003818 0.023049457045836948 
-0.1371240053155134 0.022507874196137614 
-0.1337795173809887 0.02196392621129971 
-0.130435029446464 0.021417720025084134 
-0.12709054151193933 0.02086943464118488 
-0.12374605357741453 0.02031869881838115 
-0.12040156564288984 0.019765590662552193 
-0.11705707770836515 0.019210675374957416 
-0.11371258977384036 0.01865403559939161 
-0.11036810183931567 0.018095141885453126 
-0.10702361390479098 0.017534313423854402 
-0.1036791259702663 0.016971828169503354 
-0.1003346380357415 0.016407575266224564 
-0.09699015010121681 0.015841513677064708 
-0.09364566216669212 0.015273757338590791 
-0.09030117423216732 0.014704360704360748 
-0.08695668629764264 0.014133706036008793 
-0.08361219836311795 0.013561387005372976 
-0.08026771042859326 0.012987445061838214 
-0.07692322249406847 0.01241197710709422 
-0.07357873455954378 0.011835632462138063 
-0.07023424662501909 0.011257843823647326 
-0.0668897586904943 0.010678657287448512 
-0.06354527075596961 0.010098390163859512 
-0.06020078282144492 0.009517054774194962 
-0.05685629488692023 0.008934668010865622 
-0.053511806952395435 0.008351428894789677 
-0.05016731901787075 0.007766861946198496 
-0.04682283108334606 0.0071818642679488225 
-0.043478343148821263 0.0065957050748505375 
-0.04013385521429658 0.0060090412954682485 
-0.03678936727977189 0.005421439987747522 
-0.0334448793452472 0.004833257288737706 
-0.030100391410722405 0.004244514059769505 
-0.026755903476197718 0.003655014226557452 
-0.02341141554167303 0.0030653329765645324 
-0.020066927607148233 0.0024750588377717483 
-0.016722439672623546 0.0018844502349017792 
-0.013377951738098859 0.0012934728639965496 
-0.010033463803574172 0.0007022035265735849 
-0.006688975869049374 0.00010582602806130789 
-0.003344487934524687 -0.00010263699605659498 
0.0 3.001256178799508e-06 
